out,rs1556138#ACO1,rs3780473#ACO1,rs4879586#ACO1,rs16914968#ANK3,rs7895653#ANK3,rs2188014#EFHA2
1,0.5,0.25,0.5,0.25,0.25,0.5
0,0.5,0.5,0.5,0.5,0.5,0.5
1,0.75,0.5,0.25,0.25,0.25,0.5
1,0.25,0.25,0.25,0.25,0.25,0.25
1,0.25,0.25,0.25,0.25,0.25,0.75
0,0.5,0.25,0.25,0.25,0.25,0.25
1,0.75,0.75,0.25,0.5,0.5,0.25
0,0.5,0.5,0.25,0.5,0.5,0.5
1,0.25,0.25,0.25,0.25,0.25,0.5
1,0.5,0.5,0.5,0.25,0.25,0.5
0,0.5,0.5,0.25,0.5,0.5,0.5
0,0.25,0.5,0.5,0.75,0.75,0.25
1,0.5,0.5,0.25,0.5,0.75,0.5
0,0.75,0.75,0.25,0.25,0.25,0.5
1,0.5,0.5,0.5,0.5,0.5,0.25
0,0.5,0.5,0.25,0.25,0.25,0.5
0,0.5,0.5,0.25,0.25,0.25,0.25
0,0.5,0.25,0.25,0.25,0.25,0.25
0,0.25,0.5,0.5,0.25,0.25,0.25
0,0.25,0.5,0.25,0.25,0.25,0.25
0,0.25,0.5,0.25,0.25,0.25,0.5
1,0.25,0.25,0.75,0.25,0.25,0.25
1,0.25,0.25,0.5,0.5,0.5,0.25
0,0.75,0.75,0.25,0.5,0.5,0.5
0,0.5,0.5,0.5,0.5,0.5,0.5
0,0.75,0.5,0.25,0.25,0.25,0.25
1,0.5,0.5,0.25,0.25,0.5,0.5
0,0.5,0.5,0.25,0.5,0.5,0.75
0,0.25,0.5,0.25,0.5,0.5,0.25
0,0.25,0.5,0.25,0.5,0.5,0.25
1,0.5,0.5,0.25,0.25,0.5,0.25
1,0.25,0.25,0.5,0.25,0.25,0.25
1,0.25,0.25,0.5,0.25,0.25,0.25
0,0.5,0.5,0.5,0.25,0.25,0.25
1,0.5,0.25,0.5,0.5,0.5,0.25
1,0.75,0.75,0.25,0.25,0.5,0.5
0,0.5,0.5,0.5,0.25,0.25,0.25
1,0.5,0.25,0.25,0.25,0.25,0.25
1,0.25,0.25,0.25,0.25,0.25,0.25
0,0.25,0.25,0.25,0.25,0.5,0.25
1,0.75,0.5,0.25,0.5,0.5,0.25
1,0.5,0.25,0.25,0.25,0.25,0.5
1,0.5,0.25,0.25,0.75,0.75,0.25
1,0.75,0.5,0.5,0.5,0.5,0.5
1,0.25,0.25,0.5,0.5,0.5,0.25
0,0.5,0.5,0.5,0.5,0.5,0.25
1,0.25,0.25,0.25,0.25,0.25,0.5
0,0.25,0.25,0.5,0.25,0.25,0.25
0,0.75,0.75,0.25,0.25,0.25,0.25
0,0.5,0.75,0.25,0.5,0.5,0.25
0,0.25,0.25,0.5,0.25,0.25,0.5
0,0.5,0.5,0.5,0.25,0.25,0.25
1,0.75,0.75,0.25,0.25,0.25,0.25
1,0.25,0.25,0.25,0.25,0.25,0.25
0,0.5,0.5,0.25,0.5,0.5,0.5
1,0.5,0.25,0.5,0.25,0.25,0.25
0,0.5,0.5,0.25,0.25,0.5,0.5
0,0.5,0.5,0.25,0.25,0.25,0.25
1,0.5,0.75,0.25,0.25,0.25,0.25
0,0.75,0.5,0.25,0.5,0.5,0.25
1,0.25,0.25,0.5,0.25,0.25,0.5
1,0.25,0.25,0.5,0.25,0.25,0.75
1,0.25,0.25,0.75,0.25,0.25,0.25
1,0.5,0.5,0.5,0.5,0.5,0.25
1,0.25,0.25,0.25,0.25,0.25,0.25
1,0.25,0.25,0.5,0.25,0.25,0.75
0,0.5,0.5,0.5,0.25,0.25,0.5
0,0.25,0.25,0.25,0.5,0.5,0.5
1,0.25,0.25,0.25,0.25,0.5,0.25
0,0.5,0.25,0.5,0.5,0.5,0.5
0,0.25,0.25,0.75,0.25,0.25,0.25
0,0.5,0.5,0.5,0.25,0.25,0.5
1,0.25,0.25,0.25,0.25,0.25,0.25
0,0.5,0.5,0.25,0.25,0.25,0.5
0,0.5,0.75,0.5,0.25,0.25,0.5
1,0.25,0.25,0.25,0.25,0.25,0.25
1,0.25,0.5,0.25,0.25,0.25,0.25
0,0.5,0.25,0.5,0.5,0.5,0.5
1,0.5,0.5,0.25,0.5,0.5,0.25
1,0.5,0.5,0.25,0.25,0.25,0.25
1,0.75,0.75,0.25,0.5,0.5,0.5
0,0.25,0.25,0.5,0.25,0.25,0.5
1,0.75,0.5,0.25,0.25,0.25,0.5
0,0.5,0.5,0.25,0.25,0.25,0.5
1,0.25,0.75,0.5,0.25,0.25,0.25
1,0.5,0.25,0.25,0.5,0.5,0.25
0,0.5,0.25,0.25,0.25,0.25,0.5
1,0.5,0.5,0.25,0.25,0.25,0.25
0,0.25,0.25,0.5,0.25,0.25,0.75
1,0.25,0.25,0.5,0.25,0.25,0.25
0,0.5,0.5,0.25,0.25,0.25,0.5
1,0.75,0.75,0.25,0.25,0.25,0.25
1,0.75,0.5,0.25,0.25,0.25,0.5
0,0.25,0.25,0.25,0.25,0.25,0.25
0,0.25,0.25,0.5,0.75,0.75,0.5
1,0.5,0.5,0.25,0.25,0.25,0.25
0,0.25,0.25,0.25,0.5,0.5,0.25
0,0.25,0.5,0.25,0.25,0.25,0.5
1,0.5,0.5,0.25,0.25,0.25,0.25
1,0.5,0.5,0.25,0.25,0.25,0.25
0,0.5,0.75,0.25,0.5,0.5,0.25
1,0.5,0.5,0.25,0.25,0.5,0.5
0,0.5,0.5,0.5,0.25,0.25,0.5
1,0.25,0.75,0.25,0.25,0.25,0.5
1,0.25,0.25,0.5,0.25,0.25,0.5
1,0.5,0.5,0.25,0.25,0.25,0.5
0,0.25,0.25,0.5,0.25,0.25,0.5
0,0.5,0.5,0.25,0.5,0.5,0.25
1,0.5,0.75,0.25,0.25,0.25,0.25
0,0.5,0.25,0.5,0.25,0.25,0.5
1,0.5,0.5,0.25,0.25,0.25,0.25
0,0.25,0.25,0.5,0.25,0.25,0.25
0,0.25,0.25,0.5,0.5,0.5,0.25
0,0.25,0.25,0.25,0.25,0.25,0.25
0,0.25,0.25,0.25,0.25,0.25,0.25
0,0.5,0.5,0.5,0.25,0.25,0.5
0,0.75,0.75,0.25,0.5,0.5,0.5
0,0.5,0.5,0.5,0.25,0.25,0.5
0,0.75,0.5,0.25,0.25,0.25,0.25
0,0.5,0.25,0.25,0.25,0.5,0.25
0,0.5,0.5,0.5,0.25,0.25,0.25
0,0.5,0.75,0.25,0.25,0.25,0.25
0,0.5,0.5,0.5,0.5,0.5,0.25
0,0.5,0.25,0.25,0.25,0.25,0.5
0,0.5,0.5,0.25,0.5,0.5,0.25
1,0.5,0.25,0.25,0.25,0.25,0.25
0,0.5,0.5,0.25,0.5,0.5,0.5
0,0.5,0.5,0.5,0.25,0.25,0.5
1,0.25,0.25,0.25,0.25,0.25,0.25
1,0.75,0.75,0.25,0.75,0.75,0.25
1,0.75,0.75,0.25,0.25,0.25,0.25
0,0.5,0.5,0.25,0.75,0.75,0.5
1,0.5,0.25,0.5,0.25,0.25,0.25
0,0.5,0.5,0.5,0.25,0.25,0.75
0,0.5,0.5,0.5,0.25,0.25,0.5
0,0.5,0.25,0.25,0.25,0.25,0.5
0,0.25,0.25,0.25,0.25,0.25,0.5
1,0.5,0.5,0.25,0.25,0.25,0.25
0,0.25,0.25,0.75,0.5,0.5,0.25
1,0.75,0.5,0.25,0.25,0.25,0.25
0,0.25,0.25,0.25,0.25,0.25,0.5
1,0.5,0.25,0.5,0.25,0.25,0.5
1,0.25,0.5,0.25,0.25,0.25,0.25
0,0.5,0.5,0.25,0.5,0.5,0.5
0,0.5,0.5,0.25,0.5,0.5,0.25
0,0.5,0.5,0.25,0.75,0.75,0.25
1,0.5,0.5,0.25,0.25,0.25,0.5
1,0.5,0.5,0.25,0.25,0.25,0.25
0,0.25,0.25,0.5,0.25,0.25,0.5
0,0.25,0.25,0.5,0.25,0.25,0.25
0,0.5,0.25,0.25,0.25,0.25,0.75
0,0.75,0.75,0.25,0.25,0.25,0.25
0,0.5,0.5,0.5,0.5,0.5,0.5
1,0.5,0.5,0.25,0.25,0.25,0.75
0,0.25,0.5,0.5,0.25,0.25,0.75
0,0.5,0.5,0.25,0.25,0.25,0.25
1,0.5,0.75,0.25,0.25,0.25,0.25
1,0.5,0.25,0.5,0.25,0.25,0.25
0,0.5,0.5,0.25,0.5,0.5,0.25
0,0.5,0.5,0.5,0.25,0.25,0.25
1,0.25,0.75,0.25,0.25,0.25,0.5
0,0.5,0.5,0.25,0.25,0.25,0.25
1,0.25,0.5,0.5,0.75,0.75,0.25
0,0.25,0.25,0.5,0.25,0.25,0.25
0,0.75,0.5,0.25,0.5,0.5,0.25
0,0.5,0.5,0.5,0.25,0.25,0.75
0,0.25,0.25,0.75,0.25,0.25,0.5
0,0.75,0.75,0.25,0.25,0.25,0.25
0,0.25,0.25,0.5,0.25,0.5,0.5
1,0.5,0.5,0.25,0.25,0.5,0.5
0,0.25,0.25,0.5,0.25,0.25,0.25
1,0.25,0.25,0.5,0.5,0.5,0.25
0,0.5,0.5,0.25,0.5,0.5,0.5
1,0.25,0.25,0.5,0.25,0.25,0.25
1,0.5,0.5,0.25,0.25,0.25,0.25
1,0.25,0.25,0.75,0.25,0.75,0.25
0,0.25,0.25,0.25,0.5,0.5,0.5
1,0.75,0.75,0.25,0.25,0.25,0.25
0,0.5,0.5,0.25,0.25,0.25,0.75
0,0.25,0.25,0.25,0.25,0.25,0.5
0,0.25,0.25,0.25,0.25,0.25,0.5
0,0.25,0.25,0.5,0.25,0.25,0.25
1,0.25,0.25,0.5,0.75,0.75,0.25
1,0.75,0.75,0.25,0.5,0.5,0.75
1,0.25,0.5,0.25,0.25,0.25,0.5
0,0.5,0.25,0.5,0.25,0.25,0.25
0,0.25,0.25,0.75,0.25,0.25,0.75
1,0.25,0.25,0.5,0.25,0.25,0.5
1,0.25,0.25,0.25,0.25,0.25,0.75
0,0.25,0.5,0.25,0.5,0.5,0.5
1,0.5,0.5,0.5,0.25,0.25,0.5
1,0.25,0.5,0.5,0.25,0.25,0.25
1,0.5,0.5,0.25,0.5,0.5,0.25
0,0.25,0.5,0.5,0.25,0.25,0.5
0,0.5,0.75,0.25,0.25,0.25,0.25
0,0.5,0.5,0.5,0.25,0.25,0.5
0,0.5,0.75,0.25,0.25,0.25,0.25
0,0.25,0.25,0.5,0.25,0.25,0.5
0,0.5,0.5,0.5,0.25,0.25,0.25
0,0.25,0.25,0.25,0.25,0.25,0.25
1,0.25,0.25,0.25,0.5,0.5,0.25
1,0.5,0.5,0.25,0.25,0.25,0.25
0,0.75,0.75,0.25,0.5,0.5,0.5
1,0.5,0.5,0.5,0.25,0.25,0.5
0,0.5,0.5,0.25,0.25,0.25,0.25
1,0.75,0.75,0.25,0.25,0.25,0.25
1,0.5,0.25,0.5,0.25,0.5,0.25
1,0.5,0.5,0.25,0.25,0.25,0.5
1,0.25,0.25,0.5,0.25,0.5,0.25
1,0.25,0.25,0.25,0.5,0.5,0.5
1,0.25,0.25,0.25,0.25,0.25,0.25
1,0.25,0.5,0.25,0.25,0.25,0.25
0,0.25,0.25,0.5,0.25,0.5,0.5
1,0.5,0.25,0.25,0.25,0.25,0.5
1,0.75,0.5,0.25,0.25,0.25,0.75
0,0.25,0.25,0.75,0.25,0.25,0.25
0,0.75,0.5,0.25,0.25,0.25,0.25
0,0.75,0.25,0.25,0.5,0.5,0.25
0,0.5,0.5,0.25,0.5,0.5,0.25
1,0.5,0.25,0.5,0.25,0.25,0.25
0,0.5,0.5,0.25,0.25,0.25,0.5
1,0.25,0.25,0.5,0.25,0.25,0.5
1,0.25,0.25,0.5,0.25,0.25,0.25
1,0.25,0.5,0.5,0.25,0.25,0.25
0,0.5,0.5,0.25,0.5,0.5,0.25
0,0.5,0.5,0.25,0.25,0.25,0.5
1,0.25,0.75,0.25,0.5,0.5,0.75
0,0.25,0.5,0.5,0.25,0.25,0.75
1,0.5,0.5,0.25,0.25,0.25,0.5
0,0.25,0.25,0.25,0.25,0.25,0.25
0,0.25,0.5,0.5,0.5,0.5,0.25
1,0.5,0.5,0.25,0.25,0.25,0.5
1,0.75,0.5,0.25,0.25,0.25,0.5
0,0.75,0.75,0.25,0.25,0.25,0.25
1,0.5,0.25,0.25,0.5,0.5,0.5
0,0.5,0.5,0.5,0.25,0.25,0.25
0,0.5,0.5,0.25,0.25,0.25,0.5
0,0.5,0.5,0.5,0.25,0.25,0.25
0,0.75,0.75,0.25,0.25,0.25,0.5
1,0.75,0.75,0.25,0.75,0.75,0.25
1,0.75,0.75,0.25,0.5,0.5,0.75
1,0.75,0.25,0.25,0.25,0.25,0.25
0,0.25,0.5,0.25,0.25,0.25,0.25
0,0.25,0.25,0.5,0.5,0.5,0.5
1,0.25,0.25,0.25,0.5,0.5,0.25
0,0.25,0.25,0.75,0.5,0.5,0.5
0,0.5,0.5,0.5,0.25,0.25,0.25
0,0.25,0.25,0.25,0.5,0.5,0.5
0,0.5,0.75,0.25,0.75,0.75,0.25
0,0.5,0.5,0.25,0.25,0.25,0.5
1,0.75,0.75,0.25,0.25,0.25,0.5
0,0.5,0.25,0.25,0.25,0.25,0.25
1,0.25,0.25,0.25,0.25,0.5,0.25
1,0.5,0.5,0.5,0.5,0.5,0.5
0,0.5,0.5,0.5,0.25,0.5,0.5
1,0.25,0.25,0.25,0.25,0.5,0.75
1,0.25,0.25,0.75,0.25,0.25,0.25
1,0.25,0.25,0.5,0.5,0.5,0.25
0,0.5,0.5,0.25,0.25,0.25,0.25
0,0.75,0.75,0.25,0.5,0.5,0.25
1,0.5,0.5,0.25,0.25,0.25,0.75
0,0.5,0.5,0.25,0.25,0.5,0.25
1,0.25,0.25,0.25,0.25,0.25,0.5
0,0.5,0.25,0.5,0.25,0.25,0.5
1,0.5,0.5,0.25,0.25,0.5,0.25
0,0.25,0.25,0.5,0.25,0.25,0.5
1,0.5,0.5,0.25,0.25,0.25,0.25
0,0.25,0.25,0.25,0.25,0.25,0.25
1,0.5,0.5,0.25,0.5,0.5,0.25
1,0.75,0.75,0.25,0.25,0.25,0.5
1,0.5,0.25,0.75,0.25,0.25,0.25
1,0.5,0.5,0.25,0.25,0.25,0.25
1,0.5,0.5,0.25,0.25,0.5,0.25
1,0.25,0.25,0.5,0.25,0.25,0.25
1,0.25,0.25,0.5,0.25,0.25,0.25
1,0.25,0.5,0.5,0.25,0.5,0.5
1,0.5,0.5,0.5,0.25,0.25,0.25
0,0.5,0.5,0.25,0.25,0.5,0.5
1,0.25,0.25,0.25,0.25,0.5,0.25
1,0.5,0.75,0.25,0.25,0.25,0.25
0,0.25,0.25,0.5,0.5,0.5,0.25
0,0.5,0.25,0.5,0.25,0.25,0.25
0,0.25,0.25,0.75,0.75,0.75,0.5
0,0.5,0.5,0.25,0.5,0.5,0.25
1,0.75,0.75,0.25,0.5,0.5,0.25
1,0.25,0.25,0.5,0.25,0.25,0.5
0,0.5,0.5,0.5,0.5,0.5,0.25
0,0.75,0.75,0.25,0.25,0.75,0.25
1,0.5,0.5,0.5,0.5,0.5,0.25
0,0.25,0.5,0.25,0.25,0.25,0.75
1,0.5,0.25,0.25,0.5,0.5,0.25
1,0.5,0.5,0.25,0.5,0.5,0.25
1,0.75,0.75,0.25,0.25,0.25,0.25
0,0.5,0.5,0.5,0.25,0.25,0.25
0,0.25,0.25,0.5,0.25,0.5,0.25
0,0.5,0.5,0.5,0.25,0.25,0.25
1,0.25,0.25,0.25,0.25,0.25,0.25
0,0.25,0.25,0.5,0.25,0.25,0.25
0,0.25,0.25,0.5,0.25,0.5,0.25
1,0.25,0.5,0.5,0.25,0.5,0.25
0,0.25,0.25,0.25,0.25,0.25,0.5
0,0.25,0.5,0.5,0.5,0.5,0.25
0,0.25,0.25,0.25,0.25,0.5,0.25
0,0.5,0.25,0.5,0.25,0.25,0.25
0,0.5,0.25,0.25,0.25,0.25,0.5
1,0.75,0.75,0.25,0.25,0.25,0.25
0,0.25,0.25,0.25,0.25,0.25,0.5
1,0.75,0.75,0.25,0.25,0.25,0.25
1,0.5,0.25,0.5,0.25,0.25,0.25
0,0.5,0.5,0.25,0.25,0.5,0.25
1,0.5,0.5,0.5,0.25,0.25,0.5
1,0.25,0.25,0.75,0.25,0.25,0.5
1,0.25,0.25,0.75,0.25,0.25,0.75
0,0.75,0.75,0.25,0.25,0.25,0.75
1,0.5,0.5,0.25,0.25,0.25,0.25
0,0.25,0.25,0.25,0.25,0.5,0.25
1,0.25,0.25,0.5,0.25,0.25,0.25
0,0.25,0.5,0.25,0.25,0.25,0.25
1,0.5,0.5,0.5,0.25,0.5,0.5
1,0.5,0.5,0.5,0.5,0.5,0.25
1,0.5,0.5,0.25,0.25,0.25,0.25
1,0.25,0.75,0.25,0.5,0.5,0.25
1,0.5,0.5,0.5,0.25,0.25,0.25
1,0.5,0.5,0.25,0.25,0.25,0.25
1,0.5,0.25,0.25,0.25,0.25,0.25
1,0.5,0.5,0.25,0.25,0.5,0.25
0,0.5,0.5,0.25,0.25,0.5,0.25
0,0.5,0.25,0.5,0.25,0.25,0.5
1,0.5,0.5,0.25,0.25,0.25,0.25
1,0.25,0.5,0.5,0.25,0.25,0.75
0,0.25,0.5,0.25,0.25,0.25,0.25
1,0.5,0.5,0.5,0.25,0.25,0.25
0,0.5,0.5,0.25,0.5,0.5,0.5
0,0.5,0.25,0.25,0.5,0.75,0.5
0,0.5,0.5,0.25,0.25,0.5,0.25
1,0.25,0.25,0.5,0.25,0.5,0.25
0,0.75,0.25,0.75,0.25,0.25,0.25
0,0.25,0.25,0.75,0.25,0.25,0.25
0,0.25,0.25,0.5,0.25,0.25,0.25
0,0.75,0.75,0.25,0.25,0.25,0.25
1,0.5,0.5,0.25,0.25,0.25,0.25
0,0.5,0.75,0.25,0.25,0.25,0.25
0,0.25,0.25,0.5,0.25,0.25,0.5
1,0.25,0.5,0.5,0.25,0.25,0.5
1,0.5,0.5,0.5,0.5,0.5,0.5
1,0.25,0.25,0.25,0.25,0.5,0.5
0,0.5,0.5,0.25,0.25,0.5,0.5
1,0.25,0.25,0.5,0.25,0.25,0.25
1,0.75,0.75,0.25,0.25,0.25,0.5
1,0.5,0.5,0.5,0.25,0.25,0.75
0,0.5,0.75,0.5,0.5,0.5,0.5
0,0.5,0.25,0.5,0.5,0.5,0.5
1,0.5,0.25,0.25,0.5,0.0,0.75
1,0.25,0.5,0.25,0.25,0.25,0.25
0,0.5,0.5,0.25,0.5,0.5,0.25
1,0.75,0.75,0.25,0.25,0.25,0.25
1,0.5,0.5,0.25,0.25,0.25,0.25
0,0.25,0.25,0.75,0.5,0.5,0.25
1,0.5,0.5,0.5,0.25,0.25,0.25
1,0.25,0.5,0.25,0.75,0.75,0.5
0,0.5,0.5,0.25,0.25,0.25,0.5
1,0.25,0.25,0.25,0.25,0.25,0.25
1,0.5,0.25,0.5,0.25,0.25,0.25
0,0.5,0.5,0.5,0.25,0.25,0.75
1,0.5,0.25,0.25,0.5,0.5,0.25
1,0.5,0.5,0.25,0.25,0.25,0.75
1,0.5,0.5,0.25,0.75,0.75,0.5
1,0.5,0.25,0.75,0.25,0.25,0.25
0,0.25,0.25,0.5,0.25,0.25,0.25
0,0.25,0.25,0.25,0.25,0.25,0.25
1,0.5,0.5,0.5,0.25,0.25,0.25
1,0.25,0.25,0.25,0.25,0.25,0.25
1,0.5,0.5,0.5,0.25,0.75,0.25
1,0.25,0.25,0.25,0.25,0.5,0.25
1,0.5,0.5,0.25,0.5,0.5,0.5
1,0.25,0.25,0.5,0.25,0.25,0.25
0,0.5,0.5,0.5,0.5,0.5,0.25
1,0.25,0.5,0.25,0.25,0.25,0.25
1,0.5,0.5,0.5,0.5,0.5,0.25
0,0.25,0.25,0.5,0.25,0.25,0.5
1,0.25,0.25,0.5,0.25,0.25,0.5
0,0.25,0.5,0.25,0.5,0.5,0.5
0,0.25,0.25,0.5,0.75,0.75,0.25
0,0.25,0.25,0.25,0.25,0.25,0.5
0,0.25,0.25,0.25,0.25,0.25,0.25
0,0.5,0.5,0.25,0.25,0.25,0.25
1,0.5,0.75,0.25,0.25,0.25,0.25
1,0.5,0.5,0.5,0.25,0.25,0.5
0,0.25,0.5,0.5,0.25,0.5,0.5
0,0.5,0.5,0.25,0.25,0.25,0.25
1,0.5,0.75,0.25,0.25,0.25,0.25
0,0.25,0.25,0.5,0.5,0.5,0.5
0,0.5,0.5,0.25,0.25,0.25,0.5
1,0.5,0.5,0.25,0.25,0.25,0.5
0,0.25,0.5,0.5,0.25,0.5,0.25
1,0.25,0.25,0.5,0.25,0.25,0.25
1,0.5,0.25,0.25,0.5,0.5,0.5
1,0.5,0.25,0.25,0.25,0.25,0.5
0,0.5,0.5,0.5,0.25,0.25,0.5
1,0.5,0.5,0.25,0.25,0.25,0.25
0,0.5,0.5,0.5,0.25,0.5,0.5
0,0.25,0.25,0.75,0.25,0.25,0.5
1,0.75,0.75,0.25,0.25,0.25,0.25
0,0.5,0.25,0.5,0.25,0.5,0.25
0,0.5,0.5,0.5,0.25,0.25,0.25
1,0.5,0.5,0.25,0.25,0.25,0.25
1,0.25,0.5,0.25,0.5,0.5,0.25
1,0.75,0.75,0.25,0.25,0.25,0.25
0,0.5,0.5,0.5,0.25,0.25,0.25
0,0.5,0.5,0.25,0.25,0.25,0.5
0,0.5,0.5,0.25,0.5,0.5,0.25
0,0.25,0.25,0.5,0.25,0.25,0.5
1,0.25,0.5,0.25,0.25,0.25,0.25
1,0.25,0.25,0.25,0.25,0.25,0.5
1,0.25,0.25,0.25,0.25,0.25,0.25
1,0.25,0.5,0.75,0.25,0.25,0.25
0,0.5,0.5,0.5,0.25,0.25,0.25
1,0.5,0.25,0.5,0.25,0.25,0.5
1,0.5,0.5,0.25,0.25,0.25,0.75
0,0.25,0.25,0.25,0.5,0.5,0.5
0,0.5,0.5,0.25,0.25,0.25,0.5
1,0.25,0.25,0.25,0.25,0.25,0.75
0,0.5,0.5,0.25,0.5,0.5,0.5
1,0.25,0.25,0.75,0.5,0.5,0.25
1,0.25,0.25,0.5,0.5,0.5,0.25
1,0.25,0.25,0.25,0.25,0.25,0.5
1,0.5,0.5,0.25,0.25,0.25,0.25
1,0.25,0.25,0.25,0.25,0.25,0.5
1,0.5,0.5,0.25,0.25,0.25,0.25
1,0.5,0.5,0.25,0.25,0.5,0.25
1,0.25,0.25,0.75,0.25,0.25,0.75
1,0.5,0.5,0.25,0.25,0.5,0.25
0,0.25,0.25,0.5,0.25,0.25,0.75
0,0.5,0.5,0.25,0.25,0.25,0.5
1,0.75,0.75,0.25,0.5,0.5,0.25
0,0.5,0.5,0.25,0.25,0.25,0.5
0,0.5,0.5,0.25,0.5,0.5,0.5
0,0.25,0.25,0.25,0.25,0.25,0.25
0,0.25,0.5,0.25,0.25,0.25,0.25
0,0.25,0.25,0.25,0.25,0.25,0.5
0,0.5,0.5,0.25,0.25,0.25,0.25
0,0.75,0.25,0.25,0.25,0.5,0.25
1,0.5,0.5,0.25,0.25,0.25,0.25
1,0.5,0.75,0.25,0.25,0.25,0.5
1,0.25,0.25,0.25,0.25,0.25,0.75
0,0.5,0.75,0.25,0.5,0.5,0.25
0,0.5,0.5,0.5,0.25,0.25,0.25
1,0.25,0.5,0.5,0.25,0.25,0.25
0,0.25,0.5,0.25,0.25,0.5,0.5
1,0.5,0.5,0.25,0.25,0.25,0.75
0,0.5,0.5,0.25,0.5,0.5,0.25
1,0.25,0.25,0.5,0.25,0.25,0.5
0,0.25,0.25,0.5,0.25,0.5,0.5
0,0.75,0.75,0.25,0.5,0.5,0.25
0,0.5,0.25,0.25,0.25,0.25,0.25
0,0.5,0.25,0.25,0.25,0.25,0.5
0,0.5,0.5,0.25,0.25,0.25,0.25
1,0.25,0.25,0.75,0.25,0.25,0.25
1,0.25,0.25,0.25,0.25,0.25,0.75
0,0.5,0.25,0.5,0.25,0.25,0.5
1,0.5,0.5,0.5,0.25,0.25,0.5
0,0.5,0.5,0.25,0.25,0.25,0.25
1,0.75,0.75,0.25,0.5,0.5,0.75
0,0.75,0.75,0.25,0.25,0.25,0.5
1,0.75,0.75,0.25,0.25,0.25,0.25
0,0.5,0.5,0.5,0.5,0.5,0.5
1,0.5,0.75,0.5,0.25,0.25,0.25
0,0.25,0.5,0.25,0.5,0.5,0.25
1,0.5,0.5,0.5,0.25,0.25,0.75
0,0.25,0.25,0.25,0.25,0.25,0.25
0,0.5,0.5,0.25,0.5,0.5,0.5
0,0.25,0.25,0.5,0.5,0.5,0.25
0,0.25,0.25,0.5,0.75,0.75,0.25
1,0.25,0.25,0.5,0.25,0.5,0.25
0,0.5,0.5,0.25,0.5,0.5,0.25
0,0.25,0.25,0.5,0.25,0.25,0.25
0,0.75,0.75,0.25,0.25,0.25,0.25
1,0.75,0.75,0.25,0.25,0.25,0.25
0,0.75,0.75,0.25,0.25,0.5,0.25
1,0.25,0.5,0.25,0.25,0.25,0.5
0,0.5,0.5,0.5,0.25,0.25,0.5
1,0.25,0.25,0.25,0.25,0.5,0.25
1,0.75,0.75,0.25,0.25,0.25,0.75
0,0.5,0.5,0.25,0.5,0.5,0.5
1,0.25,0.25,0.25,0.25,0.25,0.25
0,0.25,0.25,0.5,0.25,0.25,0.5
0,0.5,0.5,0.25,0.25,0.25,0.25
0,0.5,0.5,0.25,0.25,0.25,0.5
0,0.75,0.5,0.25,0.5,0.5,0.25
0,0.5,0.5,0.5,0.5,0.5,0.25
1,0.5,0.75,0.25,0.5,0.5,0.25
0,0.25,0.25,0.5,0.25,0.25,0.75
1,0.75,0.75,0.25,0.25,0.5,0.25
0,0.25,0.25,0.5,0.25,0.25,0.25
1,0.25,0.25,0.5,0.25,0.25,0.25
1,0.25,0.25,0.25,0.25,0.25,0.25
1,0.25,0.25,0.5,0.75,0.75,0.5
0,0.5,0.5,0.5,0.25,0.25,0.5
1,0.75,0.75,0.25,0.25,0.5,0.25
0,0.5,0.5,0.5,0.5,0.5,0.25
1,0.75,0.75,0.25,0.5,0.5,0.25
0,0.25,0.25,0.5,0.5,0.5,0.5
0,0.5,0.75,0.25,0.25,0.5,0.25
1,0.5,0.5,0.25,0.5,0.5,0.5
1,0.5,0.25,0.75,0.25,0.25,0.25
1,0.25,0.25,0.5,0.5,0.5,0.5
1,0.5,0.5,0.5,0.25,0.25,0.25
1,0.25,0.25,0.5,0.5,0.5,0.75
0,0.5,0.5,0.25,0.5,0.5,0.25
0,0.25,0.25,0.25,0.25,0.25,0.25
0,0.25,0.25,0.5,0.5,0.5,0.25
1,0.5,0.5,0.25,0.25,0.5,0.25
0,0.5,0.25,0.25,0.25,0.25,0.25
1,0.5,0.5,0.25,0.5,0.5,0.5
1,0.25,0.25,0.25,0.5,0.75,0.5
1,0.5,0.5,0.25,0.25,0.25,0.5
1,0.5,0.5,0.5,0.5,0.5,0.5
0,0.75,0.75,0.25,0.25,0.25,0.25
1,0.75,0.25,0.25,0.25,0.25,0.5
0,0.5,0.5,0.5,0.5,0.5,0.25
1,0.25,0.25,0.5,0.25,0.25,0.25
0,0.75,0.75,0.25,0.25,0.25,0.75
