out,rs2467764#MRPS28,rs308961#SYN2,rs17414505#CNOT6L
1,0.25,0.5,0.5
0,0.5,0.25,0.5
0,0.5,0.5,0.5
1,0.25,0.25,0.25
0,0.25,0.25,0.25
0,0.25,0.75,0.25
0,0.5,0.5,0.5
1,0.25,0.75,0.5
1,0.5,0.75,0.25
0,0.25,0.5,0.5
0,0.5,0.5,0.25
1,0.25,0.5,0.25
1,0.25,0.5,0.5
0,0.25,0.75,0.5
1,0.25,0.25,0.25
1,0.25,0.25,0.25
1,0.25,0.25,0.75
1,0.25,0.5,0.5
1,0.25,0.25,0.25
0,0.25,0.5,0.25
1,0.25,0.5,0.25
0,0.25,0.75,0.25
0,0.25,0.5,0.5
1,0.25,0.5,0.5
1,0.25,0.5,0.25
0,0.25,0.5,0.75
0,0.25,0.5,0.25
0,0.5,0.5,0.5
1,0.25,0.5,0.5
0,0.5,0.25,0.75
1,0.25,0.5,0.5
1,0.25,0.25,0.5
1,0.5,0.25,0.25
0,0.25,0.25,0.25
1,0.5,0.5,0.5
1,0.5,0.5,0.5
1,0.25,0.5,0.25
1,0.25,0.25,0.25
1,0.5,0.5,0.5
1,0.25,0.5,0.25
0,0.5,0.25,0.25
1,0.25,0.25,0.25
0,0.25,0.5,0.5
1,0.75,0.5,0.25
1,0.5,0.75,0.5
0,0.25,0.25,0.25
1,0.25,0.25,0.25
0,0.25,0.5,0.5
1,0.25,0.25,0.25
0,0.25,0.25,0.5
1,0.25,0.5,0.25
1,0.75,0.25,0.25
0,0.25,0.75,0.5
0,0.25,0.75,0.25
0,0.5,0.5,0.5
0,0.25,0.5,0.5
0,0.5,0.5,0.5
1,0.25,0.25,0.5
1,0.25,0.5,0.5
0,0.25,0.75,0.25
1,0.25,0.5,0.25
0,0.25,0.25,0.5
1,0.75,0.75,0.25
0,0.5,0.5,0.75
0,0.25,0.5,0.25
0,0.25,0.75,0.5
0,0.25,0.5,0.5
0,0.25,0.75,0.25
1,0.5,0.25,0.25
1,0.5,0.75,0.5
1,0.25,0.5,0.5
1,0.25,0.5,0.5
1,0.25,0.25,0.25
1,0.25,0.5,0.75
1,0.25,0.5,0.25
0,0.25,0.5,0.25
0,0.25,0.25,0.25
0,0.25,0.25,0.75
0,0.5,0.5,0.5
0,0.25,0.75,0.25
0,0.25,0.5,0.5
1,0.25,0.25,0.25
0,0.5,0.5,0.5
0,0.5,0.5,0.25
0,0.25,0.25,0.25
1,0.25,0.5,0.5
1,0.25,0.5,0.25
0,0.25,0.25,0.5
0,0.5,0.25,0.25
0,0.5,0.5,0.5
0,0.5,0.5,0.5
0,0.5,0.25,0.5
1,0.25,0.5,0.75
0,0.25,0.5,0.25
0,0.5,0.25,0.5
1,0.25,0.25,0.75
1,0.25,0.5,0.25
1,0.25,0.5,0.25
0,0.5,0.5,0.25
1,0.25,0.5,0.25
1,0.25,0.5,0.5
1,0.5,0.5,0.25
0,0.25,0.5,0.25
1,0.25,0.75,0.5
1,0.5,0.5,0.5
1,0.25,0.25,0.25
0,0.5,0.5,0.25
0,0.25,0.5,0.5
0,0.5,0.25,0.25
1,0.25,0.5,0.25
0,0.5,0.75,0.5
0,0.25,0.5,0.5
1,0.5,0.5,0.25
0,0.5,0.5,0.5
0,0.25,0.5,0.5
1,0.5,0.5,0.5
1,0.25,0.25,0.25
1,0.25,0.5,0.25
1,0.5,0.5,0.25
1,0.5,0.75,0.25
0,0.5,0.25,0.25
0,0.5,0.75,0.25
1,0.5,0.5,0.5
0,0.5,0.25,0.5
1,0.25,0.25,0.5
0,0.5,0.5,0.25
0,0.25,0.25,0.5
1,0.5,0.5,0.5
1,0.25,0.5,0.5
1,0.5,0.25,0.25
1,0.25,0.25,0.75
0,0.25,0.5,0.25
0,0.25,0.75,0.25
1,0.5,0.75,0.5
0,0.25,0.5,0.25
1,0.25,0.5,0.5
1,0.25,0.5,0.5
0,0.25,0.5,0.5
0,0.25,0.5,0.5
1,0.25,0.75,0.25
0,0.25,0.25,0.75
1,0.5,0.25,0.5
0,0.25,0.75,0.25
1,0.25,0.5,0.5
1,0.5,0.25,0.5
1,0.25,0.25,0.5
1,0.25,0.5,0.5
1,0.25,0.5,0.5
0,0.25,0.5,0.25
1,0.25,0.25,0.75
1,0.25,0.5,0.25
0,0.25,0.25,0.25
1,0.25,0.75,0.5
0,0.25,0.75,0.25
1,0.25,0.25,0.25
0,0.25,0.75,0.5
1,0.5,0.75,0.25
1,0.75,0.25,0.5
0,0.25,0.75,0.5
1,0.25,0.25,0.25
1,0.5,0.25,0.25
0,0.5,0.25,0.25
0,0.25,0.5,0.5
0,0.25,0.5,0.5
1,0.25,0.25,0.5
1,0.5,0.75,0.25
1,0.5,0.75,0.25
0,0.25,0.25,0.25
1,0.25,0.25,0.25
1,0.25,0.25,0.5
1,0.5,0.75,0.5
1,0.25,0.5,0.75
1,0.5,0.5,0.5
1,0.25,0.5,0.25
1,0.5,0.5,0.75
1,0.75,0.75,0.5
0,0.25,0.25,0.25
0,0.25,0.5,0.25
1,0.25,0.5,0.25
0,0.25,0.25,0.25
0,0.25,0.75,0.25
0,0.5,0.5,0.25
1,0.25,0.5,0.25
1,0.25,0.25,0.5
0,0.5,0.25,0.75
1,0.5,0.5,0.25
0,0.25,0.5,0.5
0,0.5,0.5,0.25
1,0.5,0.25,0.25
0,0.25,0.25,0.5
1,0.25,0.5,0.25
1,0.25,0.25,0.25
0,0.25,0.5,0.25
1,0.5,0.5,0.25
0,0.75,0.5,0.5
1,0.5,0.5,0.25
1,0.25,0.25,0.5
0,0.5,0.5,0.5
0,0.25,0.25,0.5
0,0.25,0.5,0.5
1,0.25,0.25,0.25
0,0.5,0.5,0.75
1,0.25,0.5,0.25
1,0.75,0.5,0.75
1,0.5,0.25,0.25
1,0.25,0.25,0.5
0,0.25,0.5,0.25
1,0.5,0.25,0.5
1,0.5,0.5,0.25
1,0.25,0.5,0.25
1,0.25,0.5,0.25
0,0.5,0.25,0.5
0,0.25,0.5,0.25
1,0.75,0.5,0.25
1,0.25,0.75,0.75
0,0.25,0.75,0.5
1,0.25,0.5,0.5
1,0.25,0.5,0.25
1,0.25,0.5,0.25
1,0.25,0.5,0.75
1,0.25,0.25,0.25
1,0.25,0.25,0.25
1,0.25,0.25,0.25
0,0.25,0.5,0.25
1,0.5,0.5,0.25
0,0.25,0.5,0.5
1,0.25,0.5,0.75
1,0.25,0.5,0.25
1,0.25,0.5,0.5
1,0.25,0.5,0.25
1,0.5,0.5,0.25
0,0.25,0.5,0.25
1,0.25,0.25,0.75
0,0.25,0.75,0.25
1,0.25,0.5,0.25
1,0.5,0.25,0.5
1,0.25,0.25,0.25
1,0.25,0.25,0.75
0,0.25,0.5,0.5
0,0.5,0.5,0.5
0,0.5,0.5,0.5
0,0.5,0.5,0.5
0,0.5,0.5,0.5
1,0.25,0.75,0.25
0,0.5,0.25,0.25
1,0.5,0.25,0.5
0,0.5,0.75,0.25
1,0.25,0.25,0.5
0,0.5,0.5,0.25
0,0.25,0.25,0.25
0,0.25,0.5,0.25
1,0.5,0.25,0.25
1,0.25,0.5,0.25
0,0.25,0.5,0.5
0,0.5,0.5,0.25
1,0.25,0.5,0.5
1,0.25,0.75,0.5
0,0.25,0.5,0.5
0,0.25,0.5,0.5
1,0.5,0.5,0.25
1,0.25,0.75,0.25
0,0.25,0.5,0.25
0,0.5,0.5,0.5
0,0.5,0.25,0.75
1,0.5,0.5,0.5
1,0.25,0.5,0.25
1,0.5,0.25,0.5
1,0.25,0.5,0.25
1,0.25,0.25,0.25
1,0.5,0.75,0.25
0,0.5,0.5,0.25
0,0.75,0.25,0.5
0,0.5,0.5,0.75
1,0.25,0.25,0.25
0,0.75,0.25,0.5
1,0.25,0.25,0.5
1,0.5,0.5,0.25
1,0.25,0.75,0.25
1,0.5,0.5,0.25
1,0.5,0.5,0.25
0,0.25,0.5,0.25
1,0.5,0.5,0.25
0,0.5,0.25,0.5
1,0.75,0.25,0.25
1,0.5,0.5,0.5
0,0.25,0.5,0.5
1,0.5,0.25,0.25
1,0.5,0.25,0.5
0,0.25,0.5,0.5
0,0.25,0.5,0.25
0,0.25,0.25,0.5
1,0.25,0.5,0.5
1,0.25,0.25,0.25
0,0.5,0.5,0.25
0,0.25,0.25,0.25
1,0.25,0.25,0.25
0,0.25,0.75,0.25
1,0.25,0.25,0.5
0,0.5,0.5,0.25
1,0.25,0.5,0.5
0,0.5,0.5,0.5
0,0.5,0.25,0.25
0,0.25,0.75,0.5
0,0.5,0.75,0.5
0,0.5,0.75,0.5
1,0.25,0.5,0.5
1,0.5,0.5,0.25
0,0.25,0.25,0.25
0,0.25,0.5,0.25
0,0.25,0.25,0.5
0,0.5,0.75,0.25
1,0.25,0.5,0.25
0,0.25,0.25,0.5
0,0.25,0.5,0.25
0,0.25,0.5,0.25
1,0.25,0.25,0.25
1,0.25,0.75,0.5
0,0.25,0.25,0.5
1,0.25,0.5,0.25
1,0.25,0.25,0.5
1,0.25,0.5,0.25
1,0.25,0.25,0.5
0,0.25,0.25,0.25
0,0.25,0.25,0.5
0,0.25,0.5,0.5
0,0.25,0.5,0.25
0,0.25,0.5,0.25
1,0.5,0.5,0.25
0,0.25,0.5,0.5
1,0.25,0.25,0.5
1,0.5,0.25,0.75
1,0.5,0.25,0.5
1,0.5,0.75,0.25
1,0.25,0.25,0.25
1,0.25,0.5,0.25
1,0.25,0.5,0.25
0,0.5,0.75,0.25
1,0.25,0.25,0.5
1,0.5,0.5,0.25
0,0.25,0.5,0.75
1,0.5,0.25,0.25
0,0.25,0.75,0.25
1,0.25,0.25,0.5
0,0.5,0.5,0.5
0,0.25,0.25,0.75
1,0.25,0.75,0.25
1,0.75,0.75,0.5
1,0.25,0.5,0.25
1,0.5,0.25,0.25
1,0.25,0.5,0.25
0,0.25,0.5,0.25
0,0.75,0.5,0.5
1,0.25,0.5,0.25
0,0.75,0.5,0.25
0,0.75,0.75,0.5
1,0.5,0.5,0.5
0,0.25,0.25,0.25
0,0.25,0.5,0.25
0,0.25,0.25,0.25
0,0.25,0.25,0.25
1,0.5,0.25,0.25
0,0.25,0.5,0.5
0,0.25,0.75,0.25
0,0.25,0.5,0.5
1,0.5,0.25,0.25
0,0.25,0.5,0.5
0,0.25,0.5,0.5
1,0.25,0.5,0.5
1,0.25,0.5,0.25
1,0.25,0.5,0.25
1,0.25,0.25,0.25
1,0.25,0.25,0.5
1,0.5,0.25,0.25
0,0.25,0.75,0.25
1,0.5,0.25,0.25
1,0.25,0.5,0.25
1,0.25,0.25,0.25
1,0.25,0.5,0.25
0,0.25,0.5,0.25
1,0.25,0.5,0.5
1,0.25,0.5,0.75
0,0.5,0.75,0.5
1,0.25,0.75,0.5
1,0.25,0.5,0.25
0,0.5,0.75,0.5
1,0.25,0.75,0.25
0,0.25,0.5,0.25
0,0.5,0.5,0.5
1,0.5,0.5,0.5
1,0.25,0.5,0.5
0,0.5,0.5,0.5
0,0.25,0.5,0.25
1,0.25,0.75,0.25
1,0.25,0.25,0.75
0,0.5,0.25,0.5
0,0.25,0.75,0.5
1,0.25,0.5,0.25
0,0.5,0.5,0.25
1,0.25,0.25,0.25
0,0.5,0.75,0.75
0,0.5,0.5,0.25
1,0.25,0.75,0.5
1,0.25,0.25,0.25
0,0.25,0.25,0.5
1,0.25,0.25,0.25
1,0.5,0.75,0.25
1,0.5,0.25,0.5
1,0.5,0.25,0.5
1,0.25,0.5,0.5
0,0.5,0.5,0.5
1,0.25,0.25,0.25
0,0.5,0.5,0.75
1,0.75,0.5,0.5
0,0.25,0.5,0.25
0,0.5,0.25,0.25
0,0.5,0.5,0.25
0,0.5,0.5,0.5
0,0.25,0.75,0.25
0,0.25,0.25,0.25
0,0.5,0.5,0.75
0,0.5,0.5,0.25
1,0.25,0.25,0.25
1,0.25,0.75,0.25
0,0.5,0.25,0.5
0,0.25,0.5,0.5
1,0.25,0.5,0.25
1,0.25,0.5,0.25
1,0.75,0.75,0.5
0,0.25,0.25,0.5
0,0.5,0.75,0.25
1,0.25,0.25,0.25
0,0.75,0.5,0.25
0,0.5,0.5,0.5
1,0.5,0.5,0.25
1,0.25,0.25,0.5
0,0.25,0.5,0.25
0,0.25,0.5,0.25
1,0.25,0.5,0.25
1,0.25,0.5,0.5
0,0.25,0.25,0.25
0,0.25,0.5,0.25
0,0.5,0.75,0.75
0,0.75,0.5,0.25
0,0.25,0.5,0.25
1,0.25,0.5,0.25
0,0.25,0.5,0.5
1,0.25,0.25,0.25
1,0.25,0.75,0.25
1,0.25,0.25,0.25
1,0.25,0.5,0.25
0,0.5,0.5,0.5
0,0.5,0.25,0.75
1,0.25,0.75,0.5
1,0.25,0.5,0.25
1,0.5,0.75,0.5
0,0.5,0.75,0.25
0,0.5,0.25,0.25
0,0.25,0.25,0.5
1,0.25,0.5,0.25
0,0.25,0.25,0.25
0,0.25,0.5,0.25
0,0.5,0.5,0.5
0,0.5,0.25,0.5
0,0.5,0.5,0.25
1,0.25,0.75,0.5
0,0.25,0.5,0.25
0,0.5,0.5,0.5
1,0.25,0.5,0.25
0,0.5,0.5,0.25
1,0.5,0.25,0.5
0,0.5,0.5,0.5
1,0.25,0.75,0.25
0,0.5,0.75,0.5
1,0.25,0.25,0.25
1,0.25,0.25,0.25
0,0.25,0.25,0.25
1,0.25,0.75,0.75
1,0.5,0.5,0.25
1,0.75,0.5,0.25
0,0.25,0.5,0.25
0,0.25,0.75,0.5
0,0.25,0.5,0.75
1,0.25,0.25,0.25
1,0.5,0.5,0.5
0,0.5,0.5,0.75
1,0.5,0.5,0.25
0,0.5,0.25,0.25
1,0.75,0.5,0.5
1,0.25,0.5,0.25
1,0.25,0.25,0.5
0,0.25,0.5,0.5
0,0.25,0.5,0.5
0,0.25,0.25,0.75
1,0.5,0.75,0.25
0,0.5,0.25,0.25
1,0.25,0.25,0.25
0,0.5,0.5,0.5
0,0.25,0.75,0.25
1,0.25,0.5,0.25
0,0.5,0.25,0.25
1,0.25,0.25,0.25
1,0.25,0.25,0.5
0,0.25,0.25,0.5
0,0.5,0.25,0.25
1,0.5,0.75,0.5
0,0.25,0.5,0.25
0,0.25,0.25,0.5
0,0.25,0.25,0.5
1,0.25,0.5,0.25
0,0.25,0.5,0.25
1,0.5,0.75,0.75
0,0.25,0.75,0.25
0,0.25,0.5,0.5
1,0.5,0.5,0.25
1,0.75,0.5,0.5
1,0.5,0.5,0.25
0,0.25,0.5,0.5
1,0.25,0.5,0.25
0,0.25,0.5,0.25
1,0.25,0.25,0.5
1,0.25,0.5,0.5
0,0.5,0.5,0.25
1,0.5,0.75,0.75
0,0.25,0.25,0.5
1,0.25,0.25,0.25
0,0.25,0.75,0.5
0,0.5,0.5,0.5
0,0.25,0.75,0.25
1,0.25,0.5,0.25
0,0.5,0.75,0.5
1,0.25,0.5,0.25
0,0.25,0.25,0.25
1,0.25,0.75,0.25
1,0.5,0.25,0.5
0,0.25,0.5,0.5
1,0.25,0.5,0.25
1,0.75,0.5,0.25
0,0.75,0.5,0.25
0,0.5,0.5,0.25
0,0.5,0.5,0.25
0,0.25,0.25,0.75
0,0.25,0.75,0.25
0,0.25,0.75,0.25
1,0.5,0.5,0.5
1,0.25,0.5,0.25
1,0.25,0.25,0.5
1,0.25,0.5,0.25
0,0.5,0.5,0.5
0,0.25,0.25,0.25
0,0.25,0.5,0.25
0,0.25,0.5,0.25
0,0.5,0.75,0.5
0,0.25,0.5,0.25
0,0.25,0.5,0.5
0,0.5,0.5,0.5
0,0.25,0.5,0.25
0,0.5,0.5,0.25
0,0.5,0.25,0.25
0,0.25,0.25,0.25
1,0.25,0.75,0.5
0,0.25,0.5,0.5
0,0.25,0.5,0.25
1,0.25,0.25,0.25
1,0.25,0.5,0.25
0,0.25,0.25,0.5
0,0.25,0.5,0.25
0,0.5,0.25,0.25
0,0.5,0.75,0.25
1,0.5,0.25,0.25
1,0.25,0.5,0.5
0,0.25,0.5,0.25
0,0.25,0.5,0.25
0,0.25,0.75,0.25
0,0.25,0.25,0.25
0,0.25,0.5,0.5
0,0.25,0.5,0.5
0,0.5,0.5,0.25
0,0.5,0.5,0.5
1,0.25,0.25,0.5
1,0.25,0.75,0.25
0,0.5,0.5,0.25
0,0.5,0.5,0.5
1,0.5,0.5,0.5
0,0.25,0.5,0.5
1,0.5,0.25,0.5
0,0.25,0.25,0.5
1,0.25,0.25,0.25
0,0.25,0.5,0.25
1,0.5,0.5,0.25
0,0.25,0.25,0.5
0,0.25,0.5,0.25
0,0.25,0.25,0.5
1,0.75,0.25,0.25
0,0.25,0.5,0.75
1,0.5,0.75,0.25
0,0.5,0.25,0.25
0,0.25,0.5,0.25
1,0.5,0.5,0.25
1,0.25,0.25,0.25
1,0.25,0.5,0.5
1,0.75,0.75,0.25
0,0.25,0.5,0.5
0,0.25,0.25,0.25
1,0.5,0.25,0.5
0,0.5,0.25,0.5
0,0.5,0.25,0.25
1,0.25,0.5,0.25
0,0.25,0.25,0.75
1,0.25,0.25,0.5
0,0.5,0.25,0.5
0,0.5,0.5,0.25
0,0.25,0.25,0.25
0,0.25,0.5,0.25
1,0.25,0.75,0.5
1,0.25,0.25,0.25
1,0.25,0.5,0.25
0,0.5,0.25,0.5
0,0.75,0.5,0.5
1,0.25,0.25,0.75
0,0.25,0.5,0.25
1,0.5,0.25,0.25
0,0.25,0.5,0.25
0,0.25,0.5,0.5
0,0.25,0.25,0.75
1,0.25,0.25,0.25
1,0.25,0.75,0.25
0,0.25,0.5,0.25
